<?xml version="1.0" encoding="UTF-8" standalone="no"?>
<!-- Created with Inkscape (http://www.inkscape.org/) -->

<svg
   width="297mm"
   height="210mm"
   viewBox="0 0 297 210"
   version="1.1"
   id="svg2269"
   inkscape:version="1.2.2 (732a01da63, 2022-12-09, custom)"
   sodipodi:docname="firstLink"
   xmlns:inkscape="http://www.inkscape.org/namespaces/inkscape"
   xmlns:sodipodi="http://sodipodi.sourceforge.net/DTD/sodipodi-0.dtd"
   xmlns="http://www.w3.org/2000/svg"
   xmlns:svg="http://www.w3.org/2000/svg">
  <sodipodi:namedview
     id="namedview2271"
     pagecolor="#505050"
     bordercolor="#eeeeee"
     borderopacity="1"
     inkscape:showpageshadow="0"
     inkscape:pageopacity="0"
     inkscape:pagecheckerboard="0"
     inkscape:deskcolor="#505050"
     inkscape:document-units="mm"
     showgrid="true"
     inkscape:lockguides="true"
     showguides="false"
     inkscape:zoom="0.71272935"
     inkscape:cx="526.84795"
     inkscape:cy="314.2848"
     inkscape:window-width="1920"
     inkscape:window-height="1043"
     inkscape:window-x="1920"
     inkscape:window-y="0"
     inkscape:window-maximized="1"
     inkscape:current-layer="layer1">
    <inkscape:grid
       type="xygrid"
       id="grid4495"
       spacingx="1.3229167"
       spacingy="1.3229167" />
  </sodipodi:namedview>
  <defs
     id="defs2266" />
  <g
     inkscape:label="Layer 1"
     inkscape:groupmode="layer"
     id="layer1">
    <path
       id="rect4387"
       style="fill:#00ffff;stroke:#000000;stroke-width:0.302069;stroke-opacity:1"
       d="m 27.553821,5.718398 c -11.326266,0 -20.4445694,8.549755 -20.4445694,19.169805 0,10.620045 9.1183034,19.169807 20.4445694,19.169807 h 61.801404 c 11.326255,0 20.444565,-8.549762 20.444565,-19.169807 0,-10.62005 -9.11831,-19.169805 -20.444565,-19.169805 z m 1.193021,12.800387 a 6.8668477,6.4386844 0 0 1 6.866783,6.438625 6.8668477,6.4386844 0 0 1 -6.866783,6.438624 6.8668477,6.4386844 0 0 1 -6.866784,-6.438624 6.8668477,6.4386844 0 0 1 6.866784,-6.438625 z m 59.208832,0 a 6.8668477,6.4386844 0 0 1 6.867145,6.438625 6.8668477,6.4386844 0 0 1 -6.867145,6.438624 6.8668477,6.4386844 0 0 1 -6.866783,-6.438624 6.8668477,6.4386844 0 0 1 6.866783,-6.438625 z" />
    <path
       id="path8814"
       style="fill:#0000ff;stroke:#000000;stroke-width:0.302069;stroke-opacity:1"
       d="M 102.84521,13.008782 C 96.341206,3.7361214 84.105537,1.1807084 75.411046,7.2791754 66.71656,13.37764 64.953088,25.752293 71.457092,35.024953 l 35.488888,50.595975 c 6.504,9.272647 18.73968,11.828061 27.43416,5.729597 8.69449,-6.098466 10.45796,-18.473121 3.95396,-27.745768 z m -9.794424,8.327215 a 6.8668477,6.4386844 54.953514 0 1 -1.32802,9.319063 6.8668477,6.4386844 54.953514 0 1 -9.214404,-1.924421 6.8668477,6.4386844 54.953514 0 1 1.328026,-9.319064 6.8668477,6.4386844 54.953514 0 1 9.214398,1.924422 z m 34.000134,48.473472 a 6.8668477,6.4386844 54.953514 0 1 -1.32782,9.319356 6.8668477,6.4386844 54.953514 0 1 -9.21461,-1.924714 6.8668477,6.4386844 54.953514 0 1 1.32802,-9.319068 6.8668477,6.4386844 54.953514 0 1 9.21441,1.924426 z" />
    <path
       id="path10323"
       style="fill:#aa0000;stroke:#000000;stroke-width:0.302069;stroke-opacity:1"
       d="m 108.73016,59.094268 c -8.804658,7.12477 -10.514702,19.50692 -3.83417,27.76258 6.68053,8.25566 19.147,9.1661 27.95165,2.04132 l 48.0423,-38.876096 c 8.80465,-7.12477 10.51469,-19.506924 3.83416,-27.762577 -6.68053,-8.255663 -19.147,-9.166096 -27.95164,-2.041326 z m 8.97948,9.20011 a 6.4386844,6.8668477 51.020017 0 1 9.38821,0.68562 6.4386844,6.8668477 51.020017 0 1 -1.28779,9.32472 6.4386844,6.8668477 51.020017 0 1 -9.38822,-0.68563 6.4386844,6.8668477 51.020017 0 1 1.2878,-9.32471 z m 46.02692,-37.245243 a 6.4386844,6.8668477 51.020017 0 1 9.38849,0.685398 6.4386844,6.8668477 51.020017 0 1 -1.28806,9.324936 6.4386844,6.8668477 51.020017 0 1 -9.38822,-0.685617 6.4386844,6.8668477 51.020017 0 1 1.28779,-9.324717 z" />
    <path
       id="path10325"
       style="fill:#ff9955;stroke:#000000;stroke-width:0.302069;stroke-opacity:1"
       d="m 182.41349,23.328227 c -6.92932,-8.959289 -19.27085,-10.941349 -27.6715,-4.444078 -8.40064,6.497269 -9.58515,18.94069 -2.65582,27.89997 l 37.80965,48.886028 c 6.92932,8.959283 19.27086,10.941343 27.6715,4.444063 8.40065,-6.497265 9.58515,-18.940686 2.65583,-27.899955 z m -9.39545,8.774884 a 6.8668477,6.4386844 52.28075 0 1 -0.89201,9.370852 6.8668477,6.4386844 52.28075 0 1 -9.29413,-1.492642 6.8668477,6.4386844 52.28075 0 1 0.89202,-9.370862 6.8668477,6.4386844 52.28075 0 1 9.29412,1.492652 z m 36.22354,46.835254 a 6.8668477,6.4386844 52.28075 0 1 -0.8918,9.371137 6.8668477,6.4386844 52.28075 0 1 -9.29434,-1.492917 6.8668477,6.4386844 52.28075 0 1 0.89201,-9.370862 6.8668477,6.4386844 52.28075 0 1 9.29413,1.492642 z" />
  </g>
  <g
     inkscape:groupmode="layer"
     id="layer2"
     inkscape:label="Layer 2" />
</svg>
